11.758
62.475
220.773
43.196
417.218
102.830
141.019
55.590
67.895
134.430
77.145
37.846
360.420
297.516
43.547
15.906
136.504
16.755
254.185
83.990
67.680
121.262
205.223
24.992
21.954
72.612
181.333
19.543
11.951
43.179
32.420
154.536
53.988
18.169
84.216
112.897
83.027
74.463
82.195
23.720
48.542
142.047
216.706
115.746
63.189
25.332
36.303
273.887
47.126
30.830
103.793
10.181
69.420
266.396
182.663
154.126
398.886
17.703
46.973
66.211
286.389
345.818
137.084
64.958
15.229
22.698
57.794
10.931
110.133
94.760
187.845
40.762
130.200
123.398
138.509
112.246
37.968
49.515
12.180
263.628
147.475
20.677
69.217
149.559
75.491
91.216
73.331
221.018
24.404
192.789
11.229
20.493
54.902
58.011
115.039
146.929
120.666
26.713
213.152
17.107
131.945
207.565
32.528
17.324
77.703
79.712
211.336
17.875
10.654
28.638
91.938
138.254
34.784
34.426
21.085
56.721
113.437
48.811
183.789
46.408
169.686
57.693
201.856
18.139
13.557
26.190
199.667
431.858
22.547
20.962
83.027
136.595
42.493
234.318
90.861
81.583
183.678
77.396
276.388
31.814
87.945
16.048
16.448
80.590
43.110
36.070
244.976
18.212
87.173
23.561
233.449
22.346
64.625
55.224
131.234
26.629
29.156
64.854
12.803
128.529
49.726
227.602
184.236
363.363
18.351
68.622
169.094
187.247
76.620
213.782
26.646
18.745
89.295
13.431
59.227
10.734
65.920
134.407
106.217
58.263
281.337
59.546
92.758
45.381
132.780
23.283
28.659
31.124
24.840
35.744
177.136
14.686
40.430
322.491
14.908
26.036
223.666
52.955
220.421
14.390
31.807
11.271
82.983
28.302
10.590
83.238
122.906
12.612
209.675
119.693
18.705
24.561
138.671
186.043
24.679
14.399
75.991
43.253
280.686
159.153
498.176
77.408
194.577
144.260
198.321
238.456
186.024
233.295
51.346
194.764
204.462
75.867
89.741
191.313
169.878
58.258
20.655
34.011
100.223
54.855
39.545
95.547
63.148
100.138
23.041
72.186
459.005
70.692
66.306
56.564
188.175
89.152
11.654
148.383
70.076
31.021
331.242
17.558
57.127
60.183
303.493
74.742
25.753
76.329
35.598
248.585
16.555
34.349
347.371
38.114
179.736
58.263
62.592
186.328
56.417
27.286
127.461
61.610
278.270
342.410
21.019
134.718
224.593
39.981
40.390
678.637
80.795
164.427
21.041
19.254
14.202
16.258
35.512
346.301
93.521
24.172
41.020
140.344
42.821
80.552
