106.5253424
180.9008142
109.2849414
115.6372677
98.94074395
220.1888549
35.58911927
428.0363502
86.55378936
117.8913694
58.40618776
58.00173314
245.5306553
7.011555909
40.10570851
80.35197434
31.40693142
59.98884801
73.16985583
90.49395188
49.38232921
89.76453846
30.88009369
217.3480354
44.90805553
79.02280339
10.94838358
31.46197458
56.70950141
215.5593302
60.27547249
107.2618166
96.64241891
91.4262642
205.562316
97.34229503
19.8179366
142.1479997
189.8909545
45.74510701
155.7418111
14.94604982
130.6448704
243.0309425
70.17256107
99.60988141
207.2535806
49.87882258
136.0040305
310.1913936
79.16066905
102.1582574
93.67051873
40.3806793
48.40579527
101.0491601
25.32512362
10.09038004
218.726005
75.32251676
22.5016881
13.02821579
59.26462575
133.3416355
74.89863229
58.81729269
153.6243801
359.8321525
87.49527322
33.80034658
45.92733904
59.4501268
266.4213962
176.5893469
71.81623004
240.9540944
24.94850439
131.1540524
118.363956
115.1448765
83.66630078
121.759114
189.1737799
78.33320898
100.1902876
104.1811215
164.8208973
102.0736091
58.29878679
114.790227
104.1761714
131.7364462
43.02254933
57.30553903
90.12571042
109.3955713
84.07221988
121.4340636
44.86224086
119.0023266
85.38235333
84.4962921
72.43013143
199.4965019
62.08730526
128.2320488
124.7112084
15.40299114
146.4693059
76.07639722
8.740488565
75.20966446
41.90781713
15.16574718
147.342056
127.7137196
29.64356044
25.22318584
143.8924968
104.7423121
94.04789108
142.8936898
51.40802839
60.87283446
94.73280425
14.30436538
103.8029715
34.12748821
29.38322325
86.29504582
171.6228778
113.2593764
75.71186802
58.19236805
126.9520306
215.2733502
52.88028364
103.3452923
84.09246487
63.89742064
135.3246366
146.2666361
43.5814428
32.87770073
83.51041543
70.52134996
223.6235517
180.0933491
479.4764075
114.9679088
36.42051971
47.66861399
109.6431998
99.04972233
39.47390638
205.4695517
96.87923215
168.9118735
49.16158361
124.9176422
214.3958991
206.564159
27.7136662
53.37956282
66.00294349
65.56189447
80.23442018
42.71606103
87.83427654
19.98206061
115.2826731
113.295528
41.12044832
190.3774881
186.8286721
68.81502409
27.2113633
92.46336218
272.6015782
204.3819936
280.8045948
156.4394777
30.47797273
67.96689478
51.79149365
104.7212361
62.3337584
237.7132351
64.43000035
182.8704417
66.80333608
128.3772884
86.81590703
22.70325606
52.9490435
53.49809178
347.8881435
65.04826118
30.29117881
103.6484658
135.4215195
129.1966229
14.21090662
88.17074536
277.6180014
39.46953727
181.1505952
137.6207659
49.52940088
123.520824
20.94369911
17.23013737
183.2742476
29.74968343
67.87128389
231.9987538
41.12173683
111.034827
42.28653661
299.4105886
68.80224549
41.95604762
17.79362959
50.68914614
30.75499331
149.0257051
68.96063481
115.3808425
15.80347952
41.23997093
84.67484254
43.79631831
51.76977562
202.783566
65.1319542
141.3555953
45.94896625
45.76798038
201.7556697
180.6207451
15.85276028
22.23844174
323.0534877
82.77721756
80.69005749
236.7072717
150.8325779
79.54457793
59.33551407
73.06883296
37.79968108
222.4069328
100.7309429
77.01875339
69.71936743
154.1379926
95.85504987
167.6473529
114.8908452
132.762544
72.68629787
55.16236675
145.9943186
136.6788256
105.5373571
89.18641144
96.95220304
86.56669713
94.49576311
180.8502134
95.09245915
14.3994815
61.91955796
43.77529092
70.54091329
91.96114494
36.63797435
96.56835352
16.89128796
68.09558276
186.2779609
80.85036881
113.2943798
42.27808288
98.49098563
177.2498358
137.7975894
149.5357192
182.7657282
131.9337298
174.5555185
16.82206665
113.5036684
94.7712323
302.6771152
151.6569692
36.37206441
19.68161264
158.3531997
502.6316204